  0.000000000000000E+000    0.000000000000000E+000
   20000.0000000000         5.531604851530686E-004
   40000.0000000000         1.046670120245686E-003
   60000.0000000000         1.494322788286543E-003
   80000.0000000000         1.906258111060229E-003
   100000.000000000         2.289641560215022E-003
   120000.000000000         2.649719881606332E-003
   140000.000000000         2.990448621619555E-003
   160000.000000000         3.314883352757111E-003
   180000.000000000         3.625433567785961E-003
   200000.000000000         3.924033138627834E-003
   220000.000000000         4.212258134984927E-003
   240000.000000000         4.491410335294752E-003
   260000.000000000         4.762577737539423E-003
   280000.000000000         5.026679263611195E-003
   300000.000000000         5.284498360197395E-003
   320000.000000000         5.536708646035586E-003
   340000.000000000         5.783893761229419E-003
   360000.000000000         6.026562922840042E-003
   380000.000000000         6.265163254938948E-003
   400000.000000000         6.500089663841154E-003
   420000.000000000         6.731692822738507E-003
   440000.000000000         6.960285684306785E-003
   460000.000000000         7.186148835626093E-003
   480000.000000000         7.409534934149705E-003
   500000.000000000         7.630672407934966E-003
   520000.000000000         7.849768562105716E-003
   540000.000000000         8.067012202549663E-003
   560000.000000000         8.282575864372643E-003
   580000.000000000         8.496617714660357E-003
   600000.000000000         8.709283185223956E-003
   620000.000000000         8.920706380207429E-003
   640000.000000000         9.131011294965798E-003
   660000.000000000         9.340312875933256E-003
   680000.000000000         9.548717945879795E-003
   700000.000000000         9.756326014696285E-003
   720000.000000000         9.963229992418733E-003
   740000.000000000         1.016951681842481E-002
   760000.000000000         1.037526801847428E-002
   780000.000000000         1.058056019941334E-002
   800000.000000000         1.078546548984041E-002
   820000.000000000         1.099005193377202E-002
   840000.000000000         1.119438384330295E-002
   860000.000000000         1.139852211538371E-002
   880000.000000000         1.160252451710947E-002
   900000.000000000         1.180644594330179E-002
   920000.000000000         1.201033864964795E-002
   940000.000000000         1.221425246422517E-002
   960000.000000000         1.241823497986554E-002
   980000.000000000         1.262233172950095E-002
   1000000.00000000         1.282658634635680E-002
   1020000.00000000         1.303104071063112E-002
   1040000.00000000         1.323573508409640E-002
   1060000.00000000         1.344070823388944E-002
   1080000.00000000         1.364599754660576E-002
   1100000.00000000         1.385163913368643E-002
   1120000.00000000         1.405766792897302E-002
   1140000.00000000         1.426411777920918E-002
   1160000.00000000         1.447102152818198E-002
   1180000.00000000         1.467841109512203E-002
   1200000.00000000         1.488631754791604E-002
   1220000.00000000         1.509477117162835E-002
   1240000.00000000         1.530380153277752E-002
   1260000.00000000         1.551343753976988E-002
   1280000.00000000         1.572370749985278E-002
   1300000.00000000         1.593463917291555E-002
   1320000.00000000         1.614625982243598E-002
   1340000.00000000         1.635859626384278E-002
   1360000.00000000         1.657167491054045E-002
   1380000.00000000         1.678552181782211E-002
   1400000.00000000         1.700016272487654E-002
   1420000.00000000         1.721562309507918E-002
   1440000.00000000         1.743192815474194E-002
   1460000.00000000         1.764910293048353E-002
   1480000.00000000         1.786717228537028E-002
   1500000.00000000         1.808616095396723E-002
   1520000.00000000         1.830609357643012E-002
   1540000.00000000         1.852699473176082E-002
   1560000.00000000         1.874888897034205E-002
   1580000.00000000         1.897180084586066E-002
   1600000.00000000         1.919575494672397E-002
   1620000.00000000         1.942077592706895E-002
   1640000.00000000         1.964688853746008E-002
   1660000.00000000         1.987411765536896E-002
   1680000.00000000         2.010248831552595E-002
   1700000.00000000         2.033202574023230E-002
   1720000.00000000         2.056275536971982E-002
   1740000.00000000         2.079470289264446E-002
   1760000.00000000         2.102789427679971E-002
   1780000.00000000         2.126235580013588E-002
   1800000.00000000         2.149811408217249E-002
   1820000.00000000         2.173519611589141E-002
   1840000.00000000         2.197362930020113E-002
   1860000.00000000         2.221344147306390E-002
   1880000.00000000         2.245466094538079E-002
   1900000.00000000         2.269731653573307E-002
   1920000.00000000         2.294143760608186E-002
   1940000.00000000         2.318705409853297E-002
   1960000.00000000         2.343419657327887E-002
   1980000.00000000         2.368289624783546E-002
   2000000.00000000         2.393318503769824E-002
   2020000.00000000         2.418509559854959E-002
   2040000.00000000         2.443866137015745E-002
   2060000.00000000         2.469391662211462E-002
   2080000.00000000         2.495089650157844E-002
   2100000.00000000         2.520963708318174E-002
   2120000.00000000         2.547017542129884E-002
   2140000.00000000         2.573254960486411E-002
   2160000.00000000         2.599679881495628E-002
   2180000.00000000         2.626296338537885E-002
   2200000.00000000         2.653108486648589E-002
   2220000.00000000         2.680120609252375E-002
   2240000.00000000         2.707337125278264E-002
   2260000.00000000         2.734762596687789E-002
   2280000.00000000         2.762401736450976E-002
   2300000.00000000         2.790259417008296E-002
   2320000.00000000         2.818340679260253E-002
   2340000.00000000         2.846650742130297E-002
   2360000.00000000         2.875195012751216E-002
   2380000.00000000         2.903979097330126E-002
   2400000.00000000         2.933008812752790E-002
   2420000.00000000         2.962290198994271E-002
   2440000.00000000         2.991829532409932E-002
   2460000.00000000         3.021633339988793E-002
   2480000.00000000         3.051708414660089E-002
   2500000.00000000         3.082061831754109E-002
   2520000.00000000         3.112700966729689E-002
   2540000.00000000         3.143633514293801E-002
   2560000.00000000         3.174867509053356E-002
   2580000.00000000         3.206411347856145E-002
   2600000.00000000         3.238273813996998E-002
   2620000.00000000         3.270464103487194E-002
   2640000.00000000         3.302991853610252E-002
   2660000.00000000         3.335867174016251E-002
   2680000.00000000         3.369100680640125E-002
   2700000.00000000         3.402703532768022E-002
   2720000.00000000         3.436687473620528E-002
   2740000.00000000         3.471064874873667E-002
   2760000.00000000         3.505848785599316E-002
   2780000.00000000         3.541052986177810E-002
   2800000.00000000         3.576692047819108E-002
   2820000.00000000         3.612781398427376E-002
   2840000.00000000         3.649337395660481E-002
   2860000.00000000         3.686377408174400E-002
   2880000.00000000         3.723919906207776E-002
   2900000.00000000         3.761984562859896E-002
   2920000.00000000         3.800592367653609E-002
   2940000.00000000         3.839765754262843E-002
   2960000.00000000         3.879528744634640E-002
   2980000.00000000         3.919907112163405E-002
   3000000.00000000         3.960928567100854E-002
   3020000.00000000         4.002622968034775E-002
   3040000.00000000         4.045022564077806E-002
   3060000.00000000         4.088162273418995E-002
   3080000.00000000         4.132080005166496E-002
   3100000.00000000         4.176817033030085E-002
   3120000.00000000         4.222418431467400E-002
   3140000.00000000         4.268933587598418E-002
   3160000.00000000         4.316416805687481E-002
   3180000.00000000         4.364928025594093E-002
   3200000.00000000         4.414533682718903E-002
   3220000.00000000         4.465307745219144E-002
   3240000.00000000         4.517332975515304E-002
   3260000.00000000         4.570702478661389E-002
   3280000.00000000         4.625521621977661E-002
   3300000.00000000         4.681910441492198E-002
   3320000.00000000         4.740006696008366E-002
   3340000.00000000         4.799969796767058E-002
   3360000.00000000         4.861985942575772E-002
   3380000.00000000         4.926274948934433E-002
   3400000.00000000         4.993099514011988E-002
   3420000.00000000         5.062778085848178E-002
   3440000.00000000         5.135703221362237E-002
   3460000.00000000         5.212368637064217E-002
   3480000.00000000         5.293410643543450E-002
   3500000.00000000         5.379674723066855E-002
   3520000.00000000         5.472329197043418E-002
   3540000.00000000         5.573075399534270E-002
   3560000.00000000         5.684581663864676E-002
   3580000.00000000         5.811540956706751E-002
   3600000.00000000         5.964109715998295E-002
   3620000.00000000         6.182668709696113E-002
   3640000.00000000         6.182668709696113E-002
   3660000.00000000         6.182668709696113E-002
   3680000.00000000         6.182668709696113E-002
   3700000.00000000         6.182668709696113E-002
   3720000.00000000         6.182668709696113E-002
   3740000.00000000         6.182668709696113E-002
   3760000.00000000         6.182668709696113E-002
   3780000.00000000         6.182668709696113E-002
   3800000.00000000         6.182668709696113E-002
   3820000.00000000         6.182668709696113E-002
   3840000.00000000         6.182668709696113E-002
   3860000.00000000         6.182668709696113E-002
   3880000.00000000         6.182668709696113E-002
   3900000.00000000         6.182668709696113E-002
   3920000.00000000         6.182668709696113E-002
   3940000.00000000         6.182668709696113E-002
   3960000.00000000         6.182668709696113E-002
   3980000.00000000         6.182668709696113E-002
   4000000.00000000         6.182668709696113E-002
