  1.620000000000000E-004   26.7108060136261       5.000000000000000E-005
  3.420000000000000E-004   53.9257523471935       1.000000000000000E-004
  5.220000000000000E-004   81.1052407852299       1.500000000000001E-004
  7.020000000000000E-004   108.284375190475       2.000000000000002E-004
  8.820000000000001E-004   135.463506060845       2.500000000000003E-004
  1.062000000000000E-003   162.642636895921       3.000000000000005E-004
  1.242000000000000E-003   189.821767730645       3.500000000000006E-004
  1.422000000000000E-003   217.000898565365       4.000000000000007E-004
  1.602000000000000E-003   244.180029400085       4.500000000000009E-004
  1.782000000000000E-003   271.359160234805       5.000000000000010E-004
  1.962000000000000E-003   298.538291069525       5.500000000000011E-004
  1.890000000000000E-003   283.276908401248       6.000000000000012E-004
  1.710000000000000E-003   255.917793154551       6.500000000000014E-004
  1.530000000000000E-003   228.736865248041       7.000000000000015E-004
  1.350000000000000E-003   201.557716470284       7.500000000000016E-004
  1.170000000000000E-003   174.378585456410       8.000000000000018E-004
  9.900000000000000E-004   147.199454619901       8.500000000000019E-004
  8.100000000000000E-004   120.020323785164       9.000000000000020E-004
  6.299999999999999E-004   92.8411929504433       9.500000000000022E-004
  4.499999999999999E-004   65.6620621157233       1.000000000000002E-003
  2.699999999999998E-004   38.4829312810033       1.050000000000002E-003
  8.999999999999980E-005   11.3038004462833       1.100000000000002E-003
 -9.000000000000022E-005  -15.8753303884367       1.150000000000003E-003
 -2.700000000000002E-004  -43.0544612231567       1.200000000000003E-003
 -4.500000000000003E-004  -70.2335920578767       1.250000000000003E-003
 -6.300000000000002E-004  -97.4127228925967       1.300000000000003E-003
 -8.100000000000003E-004  -124.591853727317       1.350000000000003E-003
 -9.900000000000002E-004  -151.770984562037       1.400000000000003E-003
 -1.170000000000000E-003  -178.950115396757       1.450000000000003E-003
 -1.350000000000000E-003  -206.129246231477       1.500000000000004E-003
 -1.530000000000000E-003  -233.308377066197       1.550000000000004E-003
 -1.710000000000000E-003  -260.487507900917       1.600000000000004E-003
 -1.890000000000000E-003  -287.666638735637       1.650000000000004E-003
 -1.962000000000000E-003  -295.114546613085       1.700000000000004E-003
 -1.782000000000000E-003  -266.799090467978       1.750000000000004E-003
 -1.602000000000000E-003  -239.608613883162       1.800000000000004E-003
 -1.422000000000000E-003  -212.429369765701       1.850000000000004E-003
 -1.242000000000000E-003  -185.250237799899       1.900000000000005E-003
 -1.062000000000000E-003  -158.071106953885       1.950000000000005E-003
 -8.820000000000000E-004  -130.891976119052       2.000000000000003E-003
 -7.019999999999999E-004  -103.712845284331       2.050000000000001E-003
 -5.219999999999999E-004  -76.5337144496113       2.099999999999999E-003
 -3.419999999999999E-004  -49.3545836148913       2.149999999999997E-003
 -1.619999999999998E-004  -22.1754527801713       2.199999999999994E-003
  1.800000000000021E-005   5.00367805454869       2.249999999999992E-003
  1.980000000000002E-004   32.1828088892687       2.299999999999990E-003
  3.780000000000002E-004   59.3619397239887       2.349999999999988E-003
  5.580000000000002E-004   86.5410705587087       2.399999999999986E-003
  7.380000000000003E-004   113.720201393429       2.449999999999984E-003
  9.180000000000003E-004   140.899332228149       2.499999999999982E-003
  1.098000000000000E-003   168.078463062869       2.549999999999980E-003
  1.278000000000000E-003   195.257593897589       2.599999999999978E-003
  1.458000000000000E-003   222.436724732309       2.649999999999976E-003
  1.638000000000000E-003   249.615855567029       2.699999999999974E-003
  1.818000000000000E-003   276.794986401749       2.749999999999972E-003
  1.998000000000000E-003   303.974117236469       2.799999999999970E-003
  1.854000000000000E-003   277.731636043937       2.849999999999968E-003
  1.674000000000000E-003   250.480874211522       2.899999999999966E-003
  1.494000000000000E-003   223.301028170169       2.949999999999964E-003
  1.314000000000000E-003   196.121890194399       2.999999999999962E-003
  1.134000000000000E-003   168.942759288378       3.049999999999960E-003
  9.540000000000000E-004   141.763628452947       3.099999999999958E-003
  7.739999999999999E-004   114.584497618219       3.149999999999956E-003
  5.939999999999999E-004   87.4053667834993       3.199999999999954E-003
  4.139999999999999E-004   60.2262359487793       3.249999999999952E-003
  2.339999999999998E-004   33.0471051140593       3.299999999999950E-003
  5.399999999999979E-005   5.86797427933931       3.349999999999948E-003
 -1.260000000000002E-004  -21.3111565553807       3.399999999999946E-003
 -3.060000000000002E-004  -48.4902873901007       3.449999999999944E-003
 -4.860000000000003E-004  -75.6694182248207       3.499999999999942E-003
 -6.660000000000003E-004  -102.848549059541       3.549999999999939E-003
 -8.460000000000003E-004  -130.027679894261       3.599999999999937E-003
 -1.026000000000000E-003  -157.206810728981       3.649999999999935E-003
 -1.206000000000000E-003  -184.385941563701       3.699999999999933E-003
 -1.386000000000000E-003  -211.565072398421       3.749999999999931E-003
 -1.566000000000000E-003  -238.744203233141       3.799999999999929E-003
 -1.746000000000000E-003  -265.923334067861       3.849999999999927E-003
 -1.926000000000000E-003  -293.102464902581       3.899999999999925E-003
 -1.926000000000000E-003  -288.987735738776       3.949999999999923E-003
 -1.746000000000000E-003  -261.356365097312       3.999999999999921E-003
 -1.566000000000000E-003  -234.172718830450       4.049999999999919E-003
 -1.386000000000000E-003  -206.993542910961       4.099999999999917E-003
 -1.206000000000000E-003  -179.814411626087       4.149999999999915E-003
 -1.026000000000000E-003  -152.635280786873       4.199999999999913E-003
 -8.460000000000000E-004  -125.456149952108       4.249999999999911E-003
 -6.659999999999999E-004  -98.2770191173873       4.299999999999909E-003
 -4.859999999999999E-004  -71.0978882826673       4.349999999999907E-003
 -3.059999999999998E-004  -43.9187574479473       4.399999999999905E-003
 -1.259999999999998E-004  -16.7396266132273       4.449999999999903E-003
  5.400000000000021E-005   10.4395042214927       4.499999999999901E-003
  2.340000000000002E-004   37.6186350562127       4.549999999999899E-003
  4.140000000000003E-004   64.7977658909327       4.599999999999897E-003
  5.940000000000002E-004   91.9768967256527       4.649999999999895E-003
  7.740000000000003E-004   119.156027560373       4.699999999999893E-003
  9.540000000000003E-004   146.335158395093       4.749999999999891E-003
  1.134000000000000E-003   173.514289229813       4.799999999999889E-003
  1.314000000000000E-003   200.693420064533       4.849999999999887E-003
  1.494000000000000E-003   227.872550899253       4.899999999999884E-003
  1.674000000000000E-003   255.051681733973       4.949999999999882E-003
  1.854000000000000E-003   282.230812568693       4.999999999999880E-003
  1.998000000000000E-003   302.286583083413       5.049999999999878E-003
  1.818000000000000E-003   272.252251994819       5.099999999999876E-003
  1.638000000000000E-003   245.044613136685       5.149999999999874E-003
  1.458000000000000E-003   217.865197660845       5.199999999999872E-003
  1.278000000000000E-003   190.686063984098       5.249999999999870E-003
  1.098000000000000E-003   163.506933121002       5.299999999999868E-003
  9.180000000000000E-004   136.327802285998       5.349999999999866E-003
  7.379999999999999E-004   109.148671451275       5.399999999999864E-003
  5.579999999999999E-004   81.9695406165553       5.449999999999862E-003
  3.779999999999999E-004   54.7904097818353       5.499999999999860E-003
  1.979999999999998E-004   27.6112789471153       5.549999999999858E-003
  1.799999999999979E-005  0.432148112395312       5.599999999999856E-003
 -1.620000000000002E-004  -26.7469827223247       5.649999999999854E-003
 -3.420000000000002E-004  -53.9261135570447       5.699999999999852E-003
 -5.220000000000002E-004  -81.1052443917647       5.749999999999850E-003
 -7.020000000000003E-004  -108.284375226485       5.799999999999848E-003
 -8.820000000000003E-004  -135.463506061205       5.849999999999846E-003
 -1.062000000000000E-003  -162.642636895925       5.899999999999844E-003
 -1.242000000000000E-003  -189.821767730645       5.949999999999842E-003
 -1.422000000000000E-003  -217.000898565365       5.999999999999840E-003
 -1.602000000000000E-003  -244.180029400085       6.049999999999838E-003
 -1.782000000000000E-003  -271.359160234805       6.099999999999836E-003
 -1.962000000000000E-003  -298.538291069525       6.149999999999834E-003
 -1.890000000000000E-003  -283.276908401248       6.199999999999832E-003
 -1.710000000000000E-003  -255.917793154551       6.249999999999829E-003
 -1.530000000000000E-003  -228.736865248041       6.299999999999827E-003
 -1.350000000000000E-003  -201.557716470284       6.349999999999825E-003
 -1.170000000000000E-003  -174.378585456410       6.399999999999823E-003
 -9.900000000000000E-004  -147.199454619901       6.449999999999821E-003
 -8.100000000000000E-004  -120.020323785164       6.499999999999819E-003
 -6.299999999999999E-004  -92.8411929504433       6.549999999999817E-003
 -4.499999999999999E-004  -65.6620621157233       6.599999999999815E-003
 -2.699999999999998E-004  -38.4829312810033       6.649999999999813E-003
 -8.999999999999980E-005  -11.3038004462833       6.699999999999811E-003
  9.000000000000022E-005   15.8753303884367       6.749999999999809E-003
  2.700000000000002E-004   43.0544612231567       6.799999999999807E-003
  4.500000000000003E-004   70.2335920578767       6.849999999999805E-003
  6.300000000000002E-004   97.4127228925967       6.899999999999803E-003
  8.100000000000003E-004   124.591853727317       6.949999999999801E-003
  9.900000000000002E-004   151.770984562037       6.999999999999799E-003
  1.170000000000000E-003   178.950115396757       7.049999999999797E-003
  1.350000000000000E-003   206.129246231477       7.099999999999795E-003
  1.530000000000000E-003   233.308377066197       7.149999999999793E-003
  1.710000000000000E-003   260.487507900917       7.199999999999791E-003
  1.890000000000000E-003   287.666638735637       7.249999999999789E-003
  1.962000000000000E-003   295.114546613085       7.299999999999787E-003
  1.782000000000000E-003   266.799090467978       7.349999999999785E-003
  1.602000000000000E-003   239.608613883162       7.399999999999783E-003
  1.422000000000000E-003   212.429369765701       7.449999999999781E-003
  1.242000000000000E-003   185.250237799899       7.499999999999779E-003
  1.062000000000000E-003   158.071106953885       7.549999999999777E-003
  8.820000000000000E-004   130.891976119052       7.599999999999774E-003
  7.019999999999999E-004   103.712845284331       7.649999999999772E-003
  5.219999999999999E-004   76.5337144496113       7.699999999999770E-003
  3.419999999999999E-004   49.3545836148913       7.749999999999768E-003
  1.619999999999998E-004   22.1754527801713       7.799999999999766E-003
 -1.800000000000021E-005  -5.00367805454869       7.849999999999765E-003
 -1.980000000000002E-004  -32.1828088892687       7.899999999999763E-003
 -3.780000000000002E-004  -59.3619397239887       7.949999999999761E-003
 -5.580000000000002E-004  -86.5410705587087       7.999999999999759E-003
 -7.380000000000003E-004  -113.720201393429       8.049999999999757E-003
 -9.180000000000003E-004  -140.899332228149       8.099999999999755E-003
 -1.098000000000000E-003  -168.078463062869       8.149999999999753E-003
 -1.278000000000000E-003  -195.257593897589       8.199999999999751E-003
 -1.458000000000000E-003  -222.436724732309       8.249999999999749E-003
 -1.638000000000000E-003  -249.615855567029       8.299999999999747E-003
 -1.818000000000000E-003  -276.794986401749       8.349999999999745E-003
 -1.998000000000000E-003  -303.974117236469       8.399999999999743E-003
 -1.854000000000000E-003  -277.731636043937       8.449999999999741E-003
 -1.674000000000000E-003  -250.480874211522       8.499999999999739E-003
 -1.494000000000000E-003  -223.301028170169       8.549999999999737E-003
 -1.314000000000000E-003  -196.121890194399       8.599999999999735E-003
 -1.134000000000000E-003  -168.942759288378       8.649999999999733E-003
 -9.540000000000000E-004  -141.763628452947       8.699999999999731E-003
 -7.739999999999999E-004  -114.584497618219       8.749999999999728E-003
 -5.939999999999999E-004  -87.4053667834993       8.799999999999726E-003
 -4.139999999999999E-004  -60.2262359487793       8.849999999999724E-003
 -2.339999999999998E-004  -33.0471051140593       8.899999999999722E-003
 -5.399999999999979E-005  -5.86797427933931       8.949999999999720E-003
  1.260000000000002E-004   21.3111565553807       8.999999999999718E-003
  3.060000000000002E-004   48.4902873901007       9.049999999999716E-003
  4.860000000000003E-004   75.6694182248207       9.099999999999714E-003
  6.660000000000003E-004   102.848549059541       9.149999999999712E-003
  8.460000000000003E-004   130.027679894261       9.199999999999710E-003
  1.026000000000000E-003   157.206810728981       9.249999999999708E-003
  1.206000000000000E-003   184.385941563701       9.299999999999706E-003
  1.386000000000000E-003   211.565072398421       9.349999999999704E-003
  1.566000000000000E-003   238.744203233141       9.399999999999702E-003
  1.746000000000000E-003   265.923334067861       9.449999999999700E-003
  1.926000000000000E-003   293.102464902581       9.499999999999698E-003
  1.926000000000000E-003   288.987735738776       9.549999999999696E-003
  1.746000000000000E-003   261.356365097312       9.599999999999694E-003
  1.566000000000000E-003   234.172718830450       9.649999999999692E-003
  1.386000000000000E-003   206.993542910961       9.699999999999690E-003
  1.206000000000000E-003   179.814411626087       9.749999999999688E-003
  1.026000000000000E-003   152.635280786873       9.799999999999686E-003
  8.460000000000000E-004   125.456149952108       9.849999999999684E-003
  6.659999999999999E-004   98.2770191173873       9.899999999999682E-003
  4.859999999999999E-004   71.0978882826673       9.949999999999680E-003
  3.059999999999998E-004   43.9187574479473       9.999999999999678E-003
  1.259999999999998E-004   16.7396266132273       1.004999999999968E-002
 -5.400000000000021E-005  -10.4395042214927       1.009999999999967E-002
 -2.340000000000002E-004  -37.6186350562127       1.014999999999967E-002
 -4.140000000000003E-004  -64.7977658909327       1.019999999999967E-002
 -5.940000000000002E-004  -91.9768967256527       1.024999999999967E-002
 -7.740000000000003E-004  -119.156027560373       1.029999999999967E-002
 -9.540000000000003E-004  -146.335158395093       1.034999999999966E-002
 -1.134000000000000E-003  -173.514289229813       1.039999999999966E-002
 -1.314000000000000E-003  -200.693420064533       1.044999999999966E-002
 -1.494000000000000E-003  -227.872550899253       1.049999999999966E-002
 -1.674000000000000E-003  -255.051681733973       1.054999999999966E-002
 -1.854000000000000E-003  -282.230812568693       1.059999999999965E-002
 -1.998000000000000E-003  -302.286583083413       1.064999999999965E-002
 -1.818000000000000E-003  -272.252251994819       1.069999999999965E-002
 -1.638000000000000E-003  -245.044613136685       1.074999999999965E-002
 -1.458000000000000E-003  -217.865197660845       1.079999999999964E-002
 -1.278000000000000E-003  -190.686063984098       1.084999999999964E-002
 -1.098000000000000E-003  -163.506933121002       1.089999999999964E-002
 -9.180000000000000E-004  -136.327802285998       1.094999999999964E-002
 -7.379999999999999E-004  -109.148671451275       1.099999999999964E-002
 -5.579999999999999E-004  -81.9695406165553       1.104999999999963E-002
 -3.779999999999999E-004  -54.7904097818353       1.109999999999963E-002
 -1.979999999999998E-004  -27.6112789471153       1.114999999999963E-002
 -1.799999999999979E-005 -0.432148112395312       1.119999999999963E-002
  1.620000000000002E-004   26.7469827223247       1.124999999999963E-002
  3.420000000000002E-004   53.9261135570447       1.129999999999962E-002
  5.220000000000002E-004   81.1052443917647       1.134999999999962E-002
  7.020000000000003E-004   108.284375226485       1.139999999999962E-002
  8.820000000000003E-004   135.463506061205       1.144999999999962E-002
  1.062000000000000E-003   162.642636895925       1.149999999999962E-002
  1.242000000000000E-003   189.821767730645       1.154999999999961E-002
  1.422000000000000E-003   217.000898565365       1.159999999999961E-002
  1.602000000000000E-003   244.180029400085       1.164999999999961E-002
  1.782000000000000E-003   271.359160234805       1.169999999999961E-002
  1.962000000000000E-003   298.538291069525       1.174999999999961E-002
  1.890000000000000E-003   283.276908401248       1.179999999999960E-002
  1.710000000000000E-003   255.917793154551       1.184999999999960E-002
  1.530000000000000E-003   228.736865248041       1.189999999999960E-002
  1.350000000000000E-003   201.557716470284       1.194999999999960E-002
  1.170000000000000E-003   174.378585456410       1.199999999999960E-002
  9.900000000000000E-004   147.199454619901       1.204999999999959E-002
  8.100000000000000E-004   120.020323785164       1.209999999999959E-002
  6.299999999999999E-004   92.8411929504433       1.214999999999959E-002
  4.499999999999999E-004   65.6620621157233       1.219999999999959E-002
  2.699999999999998E-004   38.4829312810033       1.224999999999959E-002
  8.999999999999980E-005   11.3038004462833       1.229999999999958E-002
 -9.000000000000022E-005  -15.8753303884367       1.234999999999958E-002
 -2.700000000000002E-004  -43.0544612231567       1.239999999999958E-002
 -4.500000000000003E-004  -70.2335920578767       1.244999999999958E-002
 -6.300000000000002E-004  -97.4127228925967       1.249999999999958E-002
 -8.100000000000003E-004  -124.591853727317       1.254999999999957E-002
 -9.900000000000002E-004  -151.770984562037       1.259999999999957E-002
 -1.170000000000000E-003  -178.950115396757       1.264999999999957E-002
 -1.350000000000000E-003  -206.129246231477       1.269999999999957E-002
 -1.530000000000000E-003  -233.308377066197       1.274999999999957E-002
 -1.710000000000000E-003  -260.487507900917       1.279999999999956E-002
 -1.890000000000000E-003  -287.666638735637       1.284999999999956E-002
 -1.962000000000000E-003  -295.114546613085       1.289999999999956E-002
 -1.782000000000000E-003  -266.799090467978       1.294999999999956E-002
 -1.602000000000000E-003  -239.608613883162       1.299999999999956E-002
 -1.422000000000000E-003  -212.429369765701       1.304999999999955E-002
 -1.242000000000000E-003  -185.250237799899       1.309999999999955E-002
 -1.062000000000000E-003  -158.071106953885       1.314999999999955E-002
 -8.820000000000000E-004  -130.891976119052       1.319999999999955E-002
 -7.019999999999999E-004  -103.712845284331       1.324999999999955E-002
 -5.219999999999999E-004  -76.5337144496113       1.329999999999954E-002
 -3.419999999999999E-004  -49.3545836148913       1.334999999999954E-002
 -1.619999999999998E-004  -22.1754527801713       1.339999999999954E-002
  1.800000000000021E-005   5.00367805454869       1.344999999999954E-002
  1.980000000000002E-004   32.1828088892687       1.349999999999953E-002
  3.780000000000002E-004   59.3619397239887       1.354999999999953E-002
  5.580000000000002E-004   86.5410705587087       1.359999999999953E-002
  7.380000000000003E-004   113.720201393429       1.364999999999953E-002
  9.180000000000003E-004   140.899332228149       1.369999999999953E-002
  1.098000000000000E-003   168.078463062869       1.374999999999952E-002
  1.278000000000000E-003   195.257593897589       1.379999999999952E-002
  1.458000000000000E-003   222.436724732309       1.384999999999952E-002
  1.638000000000000E-003   249.615855567029       1.389999999999952E-002
  1.818000000000000E-003   276.794986401749       1.394999999999952E-002
  1.998000000000000E-003   303.974117236469       1.399999999999951E-002
  1.854000000000000E-003   277.731636043937       1.404999999999951E-002
  1.674000000000000E-003   250.480874211522       1.409999999999951E-002
  1.494000000000000E-003   223.301028170169       1.414999999999951E-002
  1.314000000000000E-003   196.121890194399       1.419999999999951E-002
  1.134000000000000E-003   168.942759288378       1.424999999999950E-002
  9.540000000000000E-004   141.763628452947       1.429999999999950E-002
  7.739999999999999E-004   114.584497618219       1.434999999999950E-002
  5.939999999999999E-004   87.4053667834993       1.439999999999950E-002
  4.139999999999999E-004   60.2262359487793       1.444999999999950E-002
  2.339999999999998E-004   33.0471051140593       1.449999999999949E-002
  5.399999999999979E-005   5.86797427933931       1.454999999999949E-002
 -1.260000000000002E-004  -21.3111565553807       1.459999999999949E-002
 -3.060000000000002E-004  -48.4902873901007       1.464999999999949E-002
 -4.860000000000003E-004  -75.6694182248207       1.469999999999949E-002
 -6.660000000000003E-004  -102.848549059541       1.474999999999948E-002
 -8.460000000000003E-004  -130.027679894261       1.479999999999948E-002
 -1.026000000000000E-003  -157.206810728981       1.484999999999948E-002
 -1.206000000000000E-003  -184.385941563701       1.489999999999948E-002
 -1.386000000000000E-003  -211.565072398421       1.494999999999948E-002
 -1.566000000000000E-003  -238.744203233141       1.499999999999947E-002
 -1.746000000000000E-003  -265.923334067861       1.504999999999947E-002
 -1.926000000000000E-003  -293.102464902581       1.509999999999947E-002
 -1.926000000000000E-003  -288.987735738776       1.514999999999947E-002
 -1.746000000000000E-003  -261.356365097312       1.519999999999947E-002
 -1.566000000000000E-003  -234.172718830450       1.524999999999946E-002
 -1.386000000000000E-003  -206.993542910961       1.529999999999946E-002
 -1.206000000000000E-003  -179.814411626087       1.534999999999946E-002
 -1.026000000000000E-003  -152.635280786873       1.539999999999946E-002
 -8.460000000000000E-004  -125.456149952108       1.544999999999946E-002
 -6.659999999999999E-004  -98.2770191173873       1.549999999999945E-002
 -4.859999999999999E-004  -71.0978882826673       1.554999999999945E-002
 -3.059999999999998E-004  -43.9187574479473       1.559999999999945E-002
 -1.259999999999998E-004  -16.7396266132273       1.564999999999946E-002
  5.400000000000021E-005   10.4395042214927       1.569999999999947E-002
  2.340000000000002E-004   37.6186350562127       1.574999999999949E-002
  4.140000000000003E-004   64.7977658909327       1.579999999999950E-002
  5.940000000000002E-004   91.9768967256527       1.584999999999952E-002
  7.740000000000003E-004   119.156027560373       1.589999999999953E-002
  9.540000000000003E-004   146.335158395093       1.594999999999955E-002
  1.134000000000000E-003   173.514289229813       1.599999999999956E-002
  1.314000000000000E-003   200.693420064533       1.604999999999958E-002
  1.494000000000000E-003   227.872550899253       1.609999999999959E-002
  1.674000000000000E-003   255.051681733973       1.614999999999961E-002
  1.854000000000000E-003   282.230812568693       1.619999999999962E-002
  1.998000000000000E-003   302.286583083413       1.624999999999964E-002
  1.818000000000000E-003   272.252251994819       1.629999999999966E-002
  1.638000000000000E-003   245.044613136685       1.634999999999967E-002
  1.458000000000000E-003   217.865197660845       1.639999999999969E-002
  1.278000000000000E-003   190.686063984098       1.644999999999970E-002
  1.098000000000000E-003   163.506933121002       1.649999999999972E-002
  9.180000000000000E-004   136.327802285998       1.654999999999973E-002
  7.379999999999999E-004   109.148671451275       1.659999999999975E-002
  5.579999999999999E-004   81.9695406165553       1.664999999999976E-002
  3.779999999999999E-004   54.7904097818353       1.669999999999978E-002
  1.979999999999998E-004   27.6112789471153       1.674999999999979E-002
  1.799999999999979E-005  0.432148112395312       1.679999999999981E-002
 -1.620000000000002E-004  -26.7469827223247       1.684999999999982E-002
 -3.420000000000002E-004  -53.9261135570447       1.689999999999984E-002
 -5.220000000000002E-004  -81.1052443917647       1.694999999999985E-002
 -7.020000000000003E-004  -108.284375226485       1.699999999999987E-002
 -8.820000000000003E-004  -135.463506061205       1.704999999999988E-002
 -1.062000000000000E-003  -162.642636895925       1.709999999999990E-002
 -1.242000000000000E-003  -189.821767730645       1.714999999999992E-002
 -1.422000000000000E-003  -217.000898565365       1.719999999999993E-002
 -1.602000000000000E-003  -244.180029400085       1.724999999999995E-002
 -1.782000000000000E-003  -271.359160234805       1.729999999999996E-002
 -1.962000000000000E-003  -298.538291069525       1.734999999999998E-002
 -1.890000000000000E-003  -283.276908401248       1.739999999999999E-002
 -1.710000000000000E-003  -255.917793154551       1.745000000000001E-002
 -1.530000000000000E-003  -228.736865248041       1.750000000000002E-002
 -1.350000000000000E-003  -201.557716470284       1.755000000000004E-002
 -1.170000000000000E-003  -174.378585456410       1.760000000000005E-002
 -9.900000000000000E-004  -147.199454619901       1.765000000000007E-002
 -8.100000000000000E-004  -120.020323785164       1.770000000000008E-002
 -6.299999999999999E-004  -92.8411929504433       1.775000000000010E-002
 -4.499999999999999E-004  -65.6620621157233       1.780000000000011E-002
 -2.699999999999998E-004  -38.4829312810033       1.785000000000013E-002
 -8.999999999999980E-005  -11.3038004462833       1.790000000000014E-002
  9.000000000000022E-005   15.8753303884367       1.795000000000016E-002
  2.700000000000002E-004   43.0544612231567       1.800000000000018E-002
  4.500000000000003E-004   70.2335920578767       1.805000000000019E-002
  6.300000000000002E-004   97.4127228925967       1.810000000000021E-002
  8.100000000000003E-004   124.591853727317       1.815000000000022E-002
  9.900000000000002E-004   151.770984562037       1.820000000000024E-002
  1.170000000000000E-003   178.950115396757       1.825000000000025E-002
  1.350000000000000E-003   206.129246231477       1.830000000000027E-002
  1.530000000000000E-003   233.308377066197       1.835000000000028E-002
  1.710000000000000E-003   260.487507900917       1.840000000000030E-002
  1.890000000000000E-003   287.666638735637       1.845000000000031E-002
  1.962000000000000E-003   295.114546613085       1.850000000000033E-002
  1.782000000000000E-003   266.799090467978       1.855000000000034E-002
  1.602000000000000E-003   239.608613883162       1.860000000000036E-002
  1.422000000000000E-003   212.429369765701       1.865000000000037E-002
  1.242000000000000E-003   185.250237799899       1.870000000000039E-002
  1.062000000000000E-003   158.071106953885       1.875000000000041E-002
  8.820000000000000E-004   130.891976119052       1.880000000000042E-002
  7.019999999999999E-004   103.712845284331       1.885000000000044E-002
  5.219999999999999E-004   76.5337144496113       1.890000000000045E-002
  3.419999999999999E-004   49.3545836148913       1.895000000000047E-002
  1.619999999999998E-004   22.1754527801713       1.900000000000048E-002
 -1.800000000000021E-005  -5.00367805454869       1.905000000000050E-002
 -1.980000000000002E-004  -32.1828088892687       1.910000000000051E-002
 -3.780000000000002E-004  -59.3619397239887       1.915000000000053E-002
 -5.580000000000002E-004  -86.5410705587087       1.920000000000054E-002
 -7.380000000000003E-004  -113.720201393429       1.925000000000056E-002
 -9.180000000000003E-004  -140.899332228149       1.930000000000057E-002
 -1.098000000000000E-003  -168.078463062869       1.935000000000059E-002
 -1.278000000000000E-003  -195.257593897589       1.940000000000060E-002
 -1.458000000000000E-003  -222.436724732309       1.945000000000062E-002
 -1.638000000000000E-003  -249.615855567029       1.950000000000063E-002
 -1.818000000000000E-003  -276.794986401749       1.955000000000065E-002
 -1.998000000000000E-003  -303.974117236469       1.960000000000067E-002
 -1.854000000000000E-003  -277.731636043937       1.965000000000068E-002
 -1.674000000000000E-003  -250.480874211522       1.970000000000070E-002
 -1.494000000000000E-003  -223.301028170169       1.975000000000071E-002
 -1.314000000000000E-003  -196.121890194399       1.980000000000073E-002
 -1.134000000000000E-003  -168.942759288378       1.985000000000074E-002
 -9.540000000000000E-004  -141.763628452947       1.990000000000076E-002
 -7.739999999999999E-004  -114.584497618219       1.995000000000077E-002
 -5.939999999999999E-004  -87.4053667834993       2.000000000000079E-002
 -4.139999999999999E-004  -60.2262359487793       2.005000000000080E-002
 -2.339999999999998E-004  -33.0471051140593       2.010000000000082E-002
 -5.399999999999979E-005  -5.86797427933931       2.015000000000083E-002
  1.260000000000002E-004   21.3111565553807       2.020000000000085E-002
  3.060000000000002E-004   48.4902873901007       2.025000000000086E-002
  4.860000000000003E-004   75.6694182248207       2.030000000000088E-002
  6.660000000000003E-004   102.848549059541       2.035000000000090E-002
  8.460000000000003E-004   130.027679894261       2.040000000000091E-002
  1.026000000000000E-003   157.206810728981       2.045000000000093E-002
  1.206000000000000E-003   184.385941563701       2.050000000000094E-002
  1.386000000000000E-003   211.565072398421       2.055000000000096E-002
  1.566000000000000E-003   238.744203233141       2.060000000000097E-002
  1.746000000000000E-003   265.923334067861       2.065000000000099E-002
  1.926000000000000E-003   293.102464902581       2.070000000000100E-002
  1.926000000000000E-003   288.987735738776       2.075000000000102E-002
  1.746000000000000E-003   261.356365097312       2.080000000000103E-002
  1.566000000000000E-003   234.172718830450       2.085000000000105E-002
  1.386000000000000E-003   206.993542910961       2.090000000000106E-002
  1.206000000000000E-003   179.814411626087       2.095000000000108E-002
  1.026000000000000E-003   152.635280786873       2.100000000000109E-002
  8.460000000000000E-004   125.456149952108       2.105000000000111E-002
  6.659999999999999E-004   98.2770191173873       2.110000000000112E-002
  4.859999999999999E-004   71.0978882826673       2.115000000000114E-002
  3.059999999999998E-004   43.9187574479473       2.120000000000116E-002
  1.259999999999998E-004   16.7396266132273       2.125000000000117E-002
 -5.400000000000021E-005  -10.4395042214927       2.130000000000119E-002
 -2.340000000000002E-004  -37.6186350562127       2.135000000000120E-002
 -4.140000000000003E-004  -64.7977658909327       2.140000000000122E-002
 -5.940000000000002E-004  -91.9768967256527       2.145000000000123E-002
 -7.740000000000003E-004  -119.156027560373       2.150000000000125E-002
 -9.540000000000003E-004  -146.335158395093       2.155000000000126E-002
 -1.134000000000000E-003  -173.514289229813       2.160000000000128E-002
 -1.314000000000000E-003  -200.693420064533       2.165000000000129E-002
 -1.494000000000000E-003  -227.872550899253       2.170000000000131E-002
 -1.674000000000000E-003  -255.051681733973       2.175000000000132E-002
 -1.854000000000000E-003  -282.230812568693       2.180000000000134E-002
 -1.998000000000000E-003  -302.286583083413       2.185000000000135E-002
 -1.818000000000000E-003  -272.252251994819       2.190000000000137E-002
 -1.638000000000000E-003  -245.044613136685       2.195000000000139E-002
 -1.458000000000000E-003  -217.865197660845       2.200000000000140E-002
 -1.278000000000000E-003  -190.686063984098       2.205000000000142E-002
 -1.098000000000000E-003  -163.506933121002       2.210000000000143E-002
 -9.180000000000000E-004  -136.327802285998       2.215000000000145E-002
 -7.379999999999999E-004  -109.148671451275       2.220000000000146E-002
 -5.579999999999999E-004  -81.9695406165553       2.225000000000148E-002
 -3.779999999999999E-004  -54.7904097818353       2.230000000000149E-002
 -1.979999999999998E-004  -27.6112789471153       2.235000000000151E-002
 -1.799999999999979E-005 -0.432148112395312       2.240000000000152E-002
