1.0 0.000006713099386829831
2.0100756963440607 0.000011047632799766913
2.977481471478372 0.000012340880696075616
4.896293288940863 0.000013188405982600021
6.822068627186699 0.000014094136119247158
8.710629340602837 0.000014732255113159717
10.55316837020204 0.000014732255113159717
12.565415813654457 0.00001506206839628287
14.702016097796756 0.000015229733635477176
19.274505551606104 0.000017012542798525995
23.97469326368462 0.000017782794100389375
29.050876264815837 0.00001858791891146575
34.289831853546865 0.000019004049538822446
38.75621407777444 0.000020763840890834714
43.41668035935929 0.000021703934071921927
47.79850745701174 0.000022939128967472608
57.413552913943086 0.000023713737056616696
67.19013396462826 0.000025342307357913266
77.96501502116452 0.000028624029396008986
86.59280122670984 0.000030930334401976186
95.3441702024262 0.00003379451000224764
114.58104063655985 0.000039898956589642584
132.9724452122784 0.00004658748122824635
152.94370768663285 0.00005146813856756987
174.620989651034 0.00008103149399361822
175.8186054449173 0.0004923882631706777
