1.0 5.146813856756924e-7
2.0247486114611277 0.0000013633751835597446
3.037601705351171 0.0000016275654480267543
5.069118830681264 0.000002218982341458974
7.070609311914796 0.0000019004049538822368
9.047889115061198 0.000002030917620904739
10.992688821455776 0.0000024244620170823308
13.118380134083312 0.0000027689026841957128
15.083721820367842 0.0000024244620170823308
17.07014571674535 0.0000026489692876105295
20.019504203197982 0.0000030930334401975997
25.154550379569557 0.0000030253054571024608
30.286307676709704 0.0000034935682400446283
35.81148361693525 0.0000037750532053243993
40.555020673856085 0.0000045065703377454776
45.841576215405965 0.000004216965034285822
50.53721139698941 0.000004710607541983279
60.279182209395 0.00000503411435685694
70.78979261835983 0.000007017038286703837
81.65012254176733 0.000009254354972049772
91.64081874778662 0.00001080572339207029
101.17299159799376 0.00001457006665100127
120.92092702927886 0.0000642232542222937
