1.0 4.3110416348101485e-8
2.0510214528150947 3.707803667295091e-7
3.101022368303195 3.817802969632414e-7
5.170292346961341 4.3388147275832145e-7
7.235574955361202 5.220335716262432e-7
9.354672463935412 6.216541834396528e-7
11.25051580333522 6.205520957526185e-7
13.200267461970277 7.155019800886907e-7
15.206526294520925 7.721005233510003e-7
17.508830087515644 7.97091543306481e-7
22.4215705768849 8.882850372943455e-7
36.609516781217195 0.000001625279431872759
41.42317693736591 0.0000016968480312167958
51.68545177834572 0.0000019553237296784477
62.31793325392446 0.000002435517854879535
72.94813637105761 0.000004938850975417271
81.19443347512255 0.000005697425967957504
93.89119310321773 0.000008569521816377562
104.16995298854684 0.000016090192024450255
125.40311341287358 0.00003766854654933171
147.64025948694058 0.000058560511109154364
166.4330559549311 0.00009520132339896304
180.4045460250969 0.00010864223188938966
