1.0 0.00010805723392070289
2.010257146879201 0.00016825250484300968
3.0138229343240535 0.00018383283167662816
5.018398897237322 0.00018794832582843225
7.005188843267791 0.00017782794100389246
9.041010425692953 0.00018383283167662816
11.06632013324094 0.00018383283167662816
13.075217253154296 0.00017980745427387628
15.183472590886302 0.00018180900273565253
20.128069063322144 0.0001986446729478657
25.048490666965417 0.00017393405236187825
30.153514156823917 0.00019645777937496098
35.633379817252646 0.00019645777937496098
40.64422300823175 0.0001900404953882233
45.55965705006254 0.00018794832582843225
50.65693072325528 0.00020309176209047368
60.31484989303568 0.00017201919979838
70.71206837146612 0.00019215595418694542
81.39522781495319 0.0001942949614715834
100.54229544858958 0.00020309176209047368
126.35296497932309 0.00020309176209047368
152.0915579567267 0.00022686590437430115
178.23414142158438 0.0002397770939369409
201.75751133635916 0.00027082721744346185
212.86167488711015 0.00030253054571024546
218.82571483342878 0.0003571779294782247
224.9188409077575 0.00041246263829013564
