1 395.254451776191
1.950496063656988 397.4848594413812
2.9292643395158464 398.2825634999549
4.903045998387879 392.67151767151773
6.973541716366945 397.85998372954896
9.933360027395386 393.21838560969
15.036031847609749 392.66247853204385
19.977971420262328 391.3902196510893
24.77642759440414 389.08071951550227
30.02487747281757 387.44237548585386
35.29609473587702 383.7611859350991
40.23199279057782 381.08786043568665
44.82365600373941 377.0518846605804
50.32412018919928 373.0181686703427
55.21640852172746 368.6387055952274
60.60006759072619 362.5644038687518
65.986407991488 357.843713278496
70.79384170473946 349.72882581578244
74.82571756811436 338.8976769411553
81.31342466311919 297.2272439663744
