1 310.8492271535751
1.9772688046033489 308.6753141100967
2.9476886238910134 307.4369520021695
4.9290094328328315 308.26629304890184
6.9094310146938325 308.0267558528429
9.913222646492349 306.438127090301
15.1172262959053 307.5793184488837
20.096306387009477 302.91738226520846
25.086471083007986 308.06743198047553
29.70244430323889 307.77817951731004
34.90070679319923 307.14769953900395
40.08989244236142 304.13766609418786
44.96498432502625 306.5443369791197
50.02909352657109 311.32152219108747
54.475849749610504 306.60083160083167
60.188398869004395 306.96917653439397
65.99499230418704 306.99629395281573
72.36176889683968 307.0234113712375
80.57426083479305 306.7160806291242
89.03748837705231 306.0675223718702
97.64249909756556 305.07773659947577
107.07356784880471 304.42691855735336
119.25659873754725 302.42474916387965
131.755452849833 303.1320618277141
142.2657719821863 303.1546596763989
154.8060866323247 302.8405495796801
167.2073816106534 300.8293410467324
179.2119970626894 299.1548404591884
192.07848111623778 297.4803398716443
201.21418396824103 294.7821567386785
210.806339093708 291.4060381451687
215.80623951770212 288.70107565759747
224.41210547814995 283.96682635813073
