   1.00000000000000       0.341117712364222     
   2.00000000000000       0.385416120124727     
   3.00000000000000       0.410858365483349     
   4.00000000000000       0.424825683401293     
   5.00000000000000       0.433295220347198     
   6.00000000000000       0.440672270789362     
   7.00000000000000       0.445354551498501     
   8.00000000000000       0.450971303502889     
   9.00000000000000       0.455768566557776     
   10.0000000000000       0.461565529177099     
   11.0000000000000       0.466456116402342     
   12.0000000000000       0.471484648559815     
   13.0000000000000       0.475688052646047     
   14.0000000000000       0.482074813720813     
   15.0000000000000       0.487433578395436     
   16.0000000000000       0.492900528376993     
   17.0000000000000       0.498463915324089     
   18.0000000000000       0.503052893863244     
   19.0000000000000       0.510012697653741     
   20.0000000000000       0.514725545032173     
   21.0000000000000       0.520802271991208     
   22.0000000000000       0.526923269094972     
   23.0000000000000       0.531976146392576     
   24.0000000000000       0.538363908958285     
   25.0000000000000       0.543647461376336     
   26.0000000000000       0.550383193319725     
   27.0000000000000       0.557103778881968     
   28.0000000000000       0.562571286239351     
   29.0000000000000       0.568300005474466     
   30.0000000000000       0.575458004555488     
   31.0000000000000       0.581280741626293     
   32.0000000000000       0.587344946056271     
   33.0000000000000       0.594991052984326     
   34.0000000000000       0.601129331093168     
   35.0000000000000       0.607482879027369     
   36.0000000000000       0.614039355341953     
   37.0000000000000       0.620791790691342     
   38.0000000000000       0.629232503197726     
   39.0000000000000       0.635919261086749     
   40.0000000000000       0.641087068952330     
   41.0000000000000       0.648467522266598     
   42.0000000000000       0.657617432002463     
   43.0000000000000       0.663133741363914     
   44.0000000000000       0.672618799168092     
   45.0000000000000       0.678267049206938     
   46.0000000000000       0.686254565122613     
   47.0000000000000       0.694311471901978     
   48.0000000000000       0.702429696959509     
   49.0000000000000       0.708707971475617     
   50.0000000000000       0.717463318790184     
   51.0000000000000       0.726229887210514     
   52.0000000000000       0.734996218275438     
   53.0000000000000       0.741686836360131     
   54.0000000000000       0.750833097273288     
   55.0000000000000       0.757845514307691     
   56.0000000000000       0.767572198437517     
   57.0000000000000       0.777192790820483     
   58.0000000000000       0.784408215372006     
   59.0000000000000       0.792140547612885     
   60.0000000000000       0.802742737084534     
   61.0000000000000       0.810726472212719     
   62.0000000000000       0.821689027328736     
   63.0000000000000       0.829871288480574     
   64.0000000000000       0.841127196832744     
   65.0000000000000       0.849426706568096     
   66.0000000000000       0.858192627216371     
   67.0000000000000       0.870160372685135     
   68.0000000000000       0.878905904969624     
   69.0000000000000       0.888087730122367     
   70.0000000000000       0.897679438411652     
   71.0000000000000       0.910681628898350     
   72.0000000000000       0.920357124802209     
   73.0000000000000       0.930313951557469     
   74.0000000000000       0.940626752560420     
   75.0000000000000       0.951290093622365     
   76.0000000000000       0.962294464340395     
   77.0000000000000       0.977069056654305     
   78.0000000000000       0.987556610583014     
   79.0000000000000       0.994759283791932     
   80.0000000000000        1.01069189272884     
   81.0000000000000        1.01819013775029     
   82.0000000000000        1.03481166198388     
   83.0000000000000        1.04255300143976     
   84.0000000000000        1.05979947233174     
   85.0000000000000        1.07218967729248     
   86.0000000000000        1.08038817821528     
   87.0000000000000        1.09434878706351     
   88.0000000000000        1.10838639959938     
   89.0000000000000        1.12251514997486     
   90.0000000000000        1.13670426358539     
   91.0000000000000        1.15091754113132     
   92.0000000000000        1.16511534803170     
   93.0000000000000        1.17478905396432     
   94.0000000000000        1.19087925352916     
   95.0000000000000        1.20691683679251     
   96.0000000000000        1.22172787933019     
   97.0000000000000        1.23671599264491     
   98.0000000000000        1.25183731236817     
   99.0000000000000        1.26249070358559     
   100.000000000000        1.28522848827369     
   101.000000000000        1.29543611580566     
   102.000000000000        1.31302798567877     
   103.000000000000        1.33056503339715     
   104.000000000000        1.34870666944009     
   105.000000000000        1.36653455927544     
   106.000000000000        1.37811424720433     
   107.000000000000        1.39780146068007     
   108.000000000000        1.41723765268176     
   109.000000000000        1.43717184885871     
   110.000000000000        1.44979414567904     
   111.000000000000        1.47122501874374     
   112.000000000000        1.49300823886702     
   113.000000000000        1.50679212125520     
   114.000000000000        1.52998543995572     
   115.000000000000        1.55259320335283     
   116.000000000000        1.56760205428219     
   117.000000000000        1.59237729052279     
   118.000000000000        1.61636350510904     
   119.000000000000        1.63196198924588     
   120.000000000000        1.65801846088327     
   121.000000000000        1.67402769026673     
   122.000000000000        1.70234657741522     
   123.000000000000        1.71965653879557     
   124.000000000000        1.74877674112030     
   125.000000000000        1.76766970795236     
   126.000000000000        1.79719384102386     
   127.000000000000        1.81588819902554     
   128.000000000000        1.84892698324118     
   129.000000000000        1.86866639626669     
   130.000000000000        1.90061132298656     
   131.000000000000        1.92139819596284     
   132.000000000000        1.94399371491475     
   133.000000000000        1.97959992004089     
   134.000000000000        2.00286370417212     
   135.000000000000        2.04132911460749     
   136.000000000000        2.06504830968256     
   137.000000000000        2.09042354803729     
   138.000000000000        2.13075591170554     
   139.000000000000        2.15785697659537     
   140.000000000000        2.20186524375671     
   141.000000000000        2.22823667381470     
   142.000000000000        2.25618546482407     
   143.000000000000        2.28598472115259     
   144.000000000000        2.33367504937959     
   145.000000000000        2.36472549348513     
   146.000000000000        2.39684409947469     
   147.000000000000        2.43114834251412     
   148.000000000000        2.46889320935639     
   149.000000000000        2.51202772254033     
   150.000000000000        2.55956388188163     
   151.000000000000        2.61286755073161     
   152.000000000000        2.62356612128231     
   153.000000000000        2.68621287617054     
   154.000000000000        2.70182686639278     
   155.000000000000        2.77555745049108     
   156.000000000000        2.85367080637292     
   157.000000000000        2.86534388261384     
   158.000000000000        2.88179716449665     
   159.000000000000        2.97971438440104     
   160.000000000000        2.99619394451000     
   161.000000000000        3.10716119697107     
   162.000000000000        3.12260177564828     
   163.000000000000        3.14124090608243     
   164.000000000000        3.28193134167332     
   165.000000000000        3.29431177754210     
   166.000000000000        3.31670771764480     
   167.000000000000        3.48455069133389     
   168.000000000000        3.49840651706562     
   169.000000000000        3.51780041946082     
   170.000000000000        3.54784118433081     
   171.000000000000        3.76355867389556     
   172.000000000000        3.77699538813703     
   173.000000000000        3.80156910184889     
   174.000000000000        3.83008347077710     
   175.000000000000        4.11272413875445     
   176.000000000000        4.12736914242500     
   177.000000000000        4.14908348631533     
   178.000000000000        4.18147035601907     
   179.000000000000        4.55342220228584     
   180.000000000000        4.56246321339164     
   181.000000000000        4.58561893592879     
   182.000000000000        4.62206665369833     
   183.000000000000        4.66064568034290     
   184.000000000000        4.70488191999143     
   185.000000000000        5.25173749520474     
   186.000000000000        5.25397875641772     
   187.000000000000        5.28412221896316     
   188.000000000000        5.31877923699665     
   189.000000000000        5.36030766790228     
   190.000000000000        5.41639098159619     
   191.000000000000        6.24554844169111     
   192.000000000000        6.25122398702793     
   193.000000000000        6.27629076390065     
   194.000000000000        6.32040904766317     
   195.000000000000        6.37121109080915     
   196.000000000000        6.43978714666196     
   197.000000000000        6.49939790966988     
   198.000000000000        7.92854288453510     
   199.000000000000        7.92564847933754     
   200.000000000000        7.95107143842021     
   201.000000000000        8.00203758864326     
   202.000000000000        8.06152708301537     
   203.000000000000        8.14463973090250     
   204.000000000000        8.22860856626123     
   205.000000000000        8.31832167840462     
   206.000000000000        11.2925598089405     
   207.000000000000        11.2554770598006     
   208.000000000000        11.2658642221307     
   209.000000000000        11.3201987794367     
   210.000000000000        11.4080817997721     
   211.000000000000        11.5271210727251     
   212.000000000000        11.6519299249666     
   213.000000000000        11.7811462528659     
   214.000000000000        11.9195488369918     
   215.000000000000        12.0840342255399     
   216.000000000000        21.5583295191927     
   217.000000000000        21.4530196036741     
   218.000000000000        21.4347530297791     
   219.000000000000        21.5001067369865     
   220.000000000000        21.6405600443885     
   221.000000000000        21.8462768776227     
   222.000000000000        22.1148577057349     
   223.000000000000        22.3871353276215     
   224.000000000000        22.6673482716170     
