   1.00000000000000        306.352432376875     
   2.00000000000000        307.078599630961     
   3.00000000000000        307.159807915026     
   4.00000000000000        307.001371592656     
   5.00000000000000        306.734984968905     
   6.00000000000000        306.446066073819     
   7.00000000000000        306.100100684610     
   8.00000000000000        305.778684100652     
   9.00000000000000        305.433949768291     
   10.0000000000000        305.111431105556     
   11.0000000000000        304.768659387962     
   12.0000000000000        304.426422578582     
   13.0000000000000        304.066359143380     
   14.0000000000000        303.748392574596     
   15.0000000000000        303.409523241098     
   16.0000000000000        303.071279244759     
   17.0000000000000        302.734079000316     
   18.0000000000000        302.377879652479     
   19.0000000000000        302.066834666943     
   20.0000000000000        301.708562802073     
   21.0000000000000        301.375118138606     
   22.0000000000000        301.043365465892     
   23.0000000000000        300.686888965985     
   24.0000000000000        300.361295966774     
   25.0000000000000        300.006497478623     
   26.0000000000000        299.678668820327     
   27.0000000000000        299.352801015750     
   28.0000000000000        299.000579869469     
   29.0000000000000        298.648438421790     
   30.0000000000000        298.330376115484     
   31.0000000000000        297.980869579925     
   32.0000000000000        297.631374509269     
   33.0000000000000        297.312256848329     
   34.0000000000000        296.965431012267     
   35.0000000000000        296.618745565026     
   36.0000000000000        296.272893545473     
   37.0000000000000        295.927922031224     
   38.0000000000000        295.615474464729     
   39.0000000000000        295.273617214015     
   40.0000000000000        294.905106891414     
   41.0000000000000        294.563309592857     
   42.0000000000000        294.256507006772     
   43.0000000000000        293.885173450494     
   44.0000000000000        293.580515081195     
   45.0000000000000        293.210521228684     
   46.0000000000000        292.873903701558     
   47.0000000000000        292.539390202459     
   48.0000000000000        292.206132346138     
   49.0000000000000        291.837753400975     
   50.0000000000000        291.505379566690     
   51.0000000000000        291.175386110442     
   52.0000000000000        290.846802346450     
   53.0000000000000        290.481328478447     
   54.0000000000000        290.160450796874     
   55.0000000000000        289.796608932066     
   56.0000000000000        289.471455938607     
   57.0000000000000        289.149098944731     
   58.0000000000000        288.787571437529     
   59.0000000000000        288.425217144750     
   60.0000000000000        288.104986810827     
   61.0000000000000        287.745634025754     
   62.0000000000000        287.428175224177     
   63.0000000000000        287.070608583982     
   64.0000000000000        286.756023684532     
   65.0000000000000        286.400353497479     
   66.0000000000000        286.043791891976     
   67.0000000000000        285.733343468740     
   68.0000000000000        285.380456105611     
   69.0000000000000        285.026628862668     
   70.0000000000000        284.673490814950     
   71.0000000000000        284.368912278060     
   72.0000000000000        284.011604731655     
   73.0000000000000        283.661167479560     
   74.0000000000000        283.311839734003     
   75.0000000000000        282.963416558797     
   76.0000000000000        282.615916713418     
   77.0000000000000        282.320760770955     
   78.0000000000000        281.978207776065     
   79.0000000000000        281.581872794329     
   80.0000000000000        281.289194114664     
   81.0000000000000        280.895937852336     
   82.0000000000000        280.606717398031     
   83.0000000000000        280.214521394141     
   84.0000000000000        279.928841898789     
   85.0000000000000        279.584627892938     
   86.0000000000000        279.191080291407     
   87.0000000000000        278.852672983873     
   88.0000000000000        278.518295080957     
   89.0000000000000        278.185427447057     
   90.0000000000000        277.853971147525     
   91.0000000000000        277.523957980961     
   92.0000000000000        277.195431211818     
   93.0000000000000        276.795376795917     
   94.0000000000000        276.464710683074     
   95.0000000000000        276.137287750111     
   96.0000000000000        275.800845582428     
   97.0000000000000        275.465120945670     
   98.0000000000000        275.130702417887     
   99.0000000000000        274.726046250872     
   100.000000000000        274.449844848668     
   101.000000000000        274.061265588289     
   102.000000000000        273.727887602321     
   103.000000000000        273.399356380925     
   104.000000000000        273.060418980409     
   105.000000000000        272.734376029945     
   106.000000000000        272.345381686531     
   107.000000000000        272.018131885211     
   108.000000000000        271.696620632948     
   109.000000000000        271.364267928723     
   110.000000000000        270.977170687708     
   111.000000000000        270.655382567161     
   112.000000000000        270.326581048588     
   113.000000000000        269.941504509021     
   114.000000000000        269.623916269226     
   115.000000000000        269.313237938338     
   116.000000000000        268.917631435337     
   117.000000000000        268.603659154126     
   118.000000000000        268.298034714794     
   119.000000000000        267.904546993664     
   120.000000000000        267.595505315449     
   121.000000000000        267.217550539843     
   122.000000000000        266.897820061817     
   123.000000000000        266.520399973009     
   124.000000000000        266.218799500616     
   125.000000000000        265.958820542078     
   126.000000000000        265.524584457018     
   127.000000000000        265.156212737355     
   128.000000000000        264.846157680387     
   129.000000000000        264.603298978252     
   130.000000000000        264.178675474494     
   131.000000000000        263.798402039473     
   132.000000000000        263.550676017767     
   133.000000000000        263.131215033397     
   134.000000000000        262.753554899462     
   135.000000000000        262.471454608269     
   136.000000000000        262.091587202601     
   137.000000000000        261.847013794920     
   138.000000000000        261.438750803256     
   139.000000000000        261.048380016148     
   140.000000000000        260.774957088647     
   141.000000000000        260.400356361689     
   142.000000000000        260.034333385879     
   143.000000000000        259.795339064951     
   144.000000000000        259.401490506891     
   145.000000000000        259.017159824714     
   146.000000000000        258.778567273916     
   147.000000000000        258.423623371155     
   148.000000000000        258.089304489465     
   149.000000000000        257.753076256266     
   150.000000000000        257.310690126652     
   151.000000000000        257.021144743505     
   152.000000000000        256.689383069460     
   153.000000000000        256.291826604166     
   154.000000000000        256.068924614716     
   155.000000000000        255.689625054617     
   156.000000000000        255.366496140230     
   157.000000000000        255.007373069554     
   158.000000000000        254.786261106985     
   159.000000000000        254.352055938381     
   160.000000000000        254.120030152871     
   161.000000000000        253.629064196184     
   162.000000000000        253.388622958118     
   163.000000000000        253.036879756447     
   164.000000000000        252.700017021944     
   165.000000000000        252.358947134405     
   166.000000000000        252.111639855634     
   167.000000000000        251.728890558474     
   168.000000000000        251.355459161137     
   169.000000000000        251.007192191340     
   170.000000000000        250.874060928322     
   171.000000000000        250.433881684156     
   172.000000000000        250.074894368593     
   173.000000000000        249.819317189037     
   174.000000000000        249.578046275330     
   175.000000000000        249.087307333477     
   176.000000000000        248.718626984239     
   177.000000000000        248.485867785156     
   178.000000000000        248.219448405235     
   179.000000000000        247.622417443539     
   180.000000000000        247.263326378725     
   181.000000000000        246.887481523954     
   182.000000000000        246.739159670214     
   183.000000000000        246.484389847940     
   184.000000000000        246.352626884571     
   185.000000000000        245.847714150384     
   186.000000000000        245.387890579430     
   187.000000000000        245.103892341148     
   188.000000000000        244.851501278417     
   189.000000000000        244.603351760514     
   190.000000000000        244.437626515059     
   191.000000000000        243.772704036445     
   192.000000000000        243.394989739840     
   193.000000000000        243.009866193532     
   194.000000000000        242.734947462282     
   195.000000000000        242.481138529048     
   196.000000000000        242.421808946250     
   197.000000000000        242.175586530733     
   198.000000000000        241.471635586578     
   199.000000000000        240.970764656791     
   200.000000000000        240.591196004780     
   201.000000000000        240.313989730391     
   202.000000000000        240.058528826107     
   203.000000000000        239.992109829687     
   204.000000000000        239.820345703878     
   205.000000000000        239.657040079774     
   206.000000000000        238.861714397868     
   207.000000000000        238.265240022083     
   208.000000000000        237.789463086256     
   209.000000000000        237.523528020909     
   210.000000000000        237.232338312729     
   211.000000000000        237.041828313675     
   212.000000000000        236.982830807189     
   213.000000000000        236.808100917752     
   214.000000000000        236.747140717413     
   215.000000000000        236.636023688055     
   216.000000000000        235.651569190851     
   217.000000000000        235.044979854629     
   218.000000000000        234.567794764309     
   219.000000000000        234.191352579645     
   220.000000000000        233.906847477903     
   221.000000000000        233.605005796633     
   222.000000000000        233.508350027562     
   223.000000000000        233.425815567113     
   224.000000000000        233.344442965417     
