   1.00000000000000       1.652156037004769E-005
   2.00000000000000       2.099712288727151E-005
   3.00000000000000       2.103926565299601E-005
   4.00000000000000       2.105062955770621E-005
   5.00000000000000       2.092763672925234E-005
   6.00000000000000       2.105449704046657E-005
   7.00000000000000       2.104982862049354E-005
   8.00000000000000       2.106851193059855E-005
   9.00000000000000       2.106453698952209E-005
   10.0000000000000       2.106077521437920E-005
   11.0000000000000       2.106651364395725E-005
   12.0000000000000       2.106248180484980E-005
   13.0000000000000       2.105104226445416E-005
   14.0000000000000       2.103641092553294E-005
   15.0000000000000       2.104985500592300E-005
