   1.00000000000000        331.832639862528     
   2.00000000000000        331.825979479737     
   3.00000000000000        331.092895170631     
   4.00000000000000        330.935474913805     
   5.00000000000000        331.151694329425     
   6.00000000000000        331.773866660774     
   7.00000000000000        332.098220347022     
   8.00000000000000        332.054970429684     
   9.00000000000000        332.054607027230     
   10.0000000000000        332.078151949571     
   11.0000000000000        332.002035490521     
   12.0000000000000        331.098316196769     
   13.0000000000000        331.005939383521     
   14.0000000000000        331.092906392233     
   15.0000000000000        331.000359436795     
