  0.000000000000000E+000    0.000000000000000E+000
   10000.0000000000         3.727266217261971E-004
   20000.0000000000         7.175515812469117E-004
   30000.0000000000         1.038968076072674E-003
   40000.0000000000         1.340988187036682E-003
   50000.0000000000         1.626690749353715E-003
   60000.0000000000         1.898489375589300E-003
   70000.0000000000         2.158311257359772E-003
   80000.0000000000         2.407719810581787E-003
   90000.0000000000         2.648001027679272E-003
   100000.000000000         2.880225677844570E-003
   110000.000000000         3.105295017713721E-003
   120000.000000000         3.323974986272786E-003
   130000.000000000         3.536922194095432E-003
   140000.000000000         3.744703959309329E-003
   150000.000000000         3.947813953836163E-003
   160000.000000000         4.146684564977693E-003
   170000.000000000         4.341696766234044E-003
   180000.000000000         4.533188076224935E-003
   190000.000000000         4.721459033582288E-003
   200000.000000000         4.906778508043478E-003
   210000.000000000         5.089388090187013E-003
   220000.000000000         5.269505745322384E-003
   230000.000000000         5.447328874890219E-003
   240000.000000000         5.623036897172263E-003
   250000.000000000         5.796793435248375E-003
   260000.000000000         5.968748181922448E-003
   270000.000000000         6.139038497311425E-003
   280000.000000000         6.307790783898942E-003
   290000.000000000         6.475121675331146E-003
   300000.000000000         6.641139068512674E-003
   310000.000000000         6.805943023227404E-003
   320000.000000000         6.969626549247522E-003
   330000.000000000         7.132276297469294E-003
   340000.000000000         7.293973168844612E-003
   350000.000000000         7.454792852625860E-003
   360000.000000000         7.614806303601516E-003
   370000.000000000         7.774080166488539E-003
   380000.000000000         7.932677154400238E-003
   390000.000000000         8.090656387274279E-003
   400000.000000000         8.248073695284573E-003
   410000.000000000         8.404981891540955E-003
   420000.000000000         8.561431017776479E-003
   430000.000000000         8.717468566213107E-003
   440000.000000000         8.873139680366243E-003
   450000.000000000         9.028487337183332E-003
   460000.000000000         9.183552512600914E-003
   470000.000000000         9.338374332339026E-003
   480000.000000000         9.492990209524339E-003
   490000.000000000         9.647435970538120E-003
   500000.000000000         9.801745970316647E-003
   510000.000000000         9.955953198186330E-003
   520000.000000000         1.011008937518972E-002
   530000.000000000         1.026418504374924E-002
   540000.000000000         1.041826965042018E-002
   550000.000000000         1.057237162240140E-002
   560000.000000000         1.072651843839959E-002
   570000.000000000         1.088073669437906E-002
   580000.000000000         1.103505216467330E-002
   590000.000000000         1.118948985888522E-002
   600000.000000000         1.134407407495964E-002
   610000.000000000         1.149882844877312E-002
   620000.000000000         1.165377600055265E-002
   630000.000000000         1.180893917840423E-002
   640000.000000000         1.196433989920600E-002
   650000.000000000         1.211999958709682E-002
   660000.000000000         1.227593920976997E-002
   670000.000000000         1.243217931276282E-002
   680000.000000000         1.258874005191679E-002
   690000.000000000         1.274564122416655E-002
   700000.000000000         1.290290229680411E-002
   710000.000000000         1.306054243535178E-002
   720000.000000000         1.321858053016652E-002
   730000.000000000         1.337703522188937E-002
   740000.000000000         1.353592492584429E-002
   750000.000000000         1.369526785548355E-002
   760000.000000000         1.385508204496961E-002
   770000.000000000         1.401538537097709E-002
   780000.000000000         1.417619557379333E-002
   790000.000000000         1.433753027779047E-002
   800000.000000000         1.449940701133815E-002
   810000.000000000         1.466184322622141E-002
   820000.000000000         1.482485631662541E-002
   830000.000000000         1.498846363774514E-002
   840000.000000000         1.515268252407566E-002
   850000.000000000         1.531753030743619E-002
   860000.000000000         1.548302433477927E-002
   870000.000000000         1.564918198583429E-002
   880000.000000000         1.581602069063363E-002
   890000.000000000         1.598355794696814E-002
   900000.000000000         1.615181133781804E-002
   910000.000000000         1.632079854880439E-002
   920000.000000000         1.649053738570618E-002
   930000.000000000         1.666104579208768E-002
   940000.000000000         1.683234186708085E-002
   950000.000000000         1.700444388336779E-002
   960000.000000000         1.717737030540885E-002
   970000.000000000         1.735113980796279E-002
   980000.000000000         1.752577129494610E-002
   990000.000000000         1.770128391868021E-002
   1000000.00000000         1.787769709957640E-002
   1010000.00000000         1.805503054631035E-002
   1020000.00000000         1.823330427653993E-002
   1030000.00000000         1.841253863822240E-002
   1040000.00000000         1.859275433158960E-002
   1050000.00000000         1.877397243184284E-002
   1060000.00000000         1.895621441263230E-002
   1070000.00000000         1.913950217038958E-002
   1080000.00000000         1.932385804958594E-002
   1090000.00000000         1.950930486899347E-002
   1100000.00000000         1.969586594903123E-002
   1110000.00000000         1.988356514028403E-002
   1120000.00000000         2.007242685328766E-002
   1130000.00000000         2.026247608968091E-002
   1140000.00000000         2.045373847483221E-002
   1150000.00000000         2.064624029205706E-002
   1160000.00000000         2.084000851855110E-002
   1170000.00000000         2.103507086317386E-002
   1180000.00000000         2.123145580622905E-002
   1190000.00000000         2.142919264139955E-002
   1200000.00000000         2.162831152000835E-002
   1210000.00000000         2.182884349779180E-002
   1220000.00000000         2.203082058438777E-002
   1230000.00000000         2.223427579575949E-002
   1240000.00000000         2.243924320979614E-002
   1250000.00000000         2.264575802535350E-002
   1260000.00000000         2.285385662502306E-002
   1270000.00000000         2.306357664194564E-002
   1280000.00000000         2.327495703101665E-002
   1290000.00000000         2.348803814486468E-002
   1300000.00000000         2.370286181502379E-002
   1310000.00000000         2.391947143876343E-002
   1320000.00000000         2.413791207208848E-002
   1330000.00000000         2.435823052947668E-002
   1340000.00000000         2.458047549098283E-002
   1350000.00000000         2.480469761740808E-002
   1360000.00000000         2.503094967431229E-002
   1370000.00000000         2.525928666573610E-002
   1380000.00000000         2.548976597860113E-002
   1390000.00000000         2.572244753887207E-002
   1400000.00000000         2.595739398069593E-002
   1410000.00000000         2.619467082988474E-002
   1420000.00000000         2.643434670328008E-002
   1430000.00000000         2.667649352573645E-002
   1440000.00000000         2.692118676668888E-002
   1450000.00000000         2.716850569853442E-002
   1460000.00000000         2.741853367936257E-002
   1470000.00000000         2.767135846292589E-002
   1480000.00000000         2.792707253915577E-002
   1490000.00000000         2.818577350901350E-002
   1500000.00000000         2.844756449803522E-002
   1510000.00000000         2.871255461359919E-002
   1520000.00000000         2.898085945173544E-002
   1530000.00000000         2.925260166023693E-002
   1540000.00000000         2.952791156595060E-002
   1550000.00000000         2.980692787546514E-002
   1560000.00000000         3.008979846002118E-002
   1570000.00000000         3.037668123741214E-002
   1580000.00000000         3.066774516600069E-002
   1590000.00000000         3.096317136885025E-002
   1600000.00000000         3.126315440949649E-002
   1610000.00000000         3.156790374523219E-002
   1620000.00000000         3.187764538917603E-002
   1630000.00000000         3.219262381913827E-002
   1640000.00000000         3.251310417977778E-002
   1650000.00000000         3.283937483529342E-002
   1660000.00000000         3.317175034362156E-002
   1670000.00000000         3.351057494079602E-002
   1680000.00000000         3.385622664711298E-002
   1690000.00000000         3.420912213691351E-002
   1700000.00000000         3.456972255381124E-002
   1710000.00000000         3.493854050687223E-002
   1720000.00000000         3.531614855615225E-002
   1730000.00000000         3.570318959633324E-002
   1740000.00000000         3.610038968733615E-002
   1750000.00000000         3.650857407968473E-002
   1760000.00000000         3.692868746974443E-002
   1770000.00000000         3.736181994335503E-002
   1780000.00000000         3.780924070408002E-002
   1790000.00000000         3.827244266680019E-002
   1800000.00000000         3.875320256038584E-002
   1810000.00000000         3.925366374520024E-002
   1820000.00000000         3.977645330861680E-002
   1830000.00000000         4.032485273950305E-002
   1840000.00000000         4.090305594490159E-002
   1850000.00000000         4.151657712838233E-002
   1860000.00000000         4.217293277638433E-002
   1870000.00000000         4.288286809003260E-002
   1880000.00000000         4.366279195254023E-002
   1890000.00000000         4.454036085056699E-002
   1900000.00000000         4.557069842727756E-002
   1910000.00000000         4.691519910027800E-002
   1920000.00000000                            NaN
   1930000.00000000                            NaN
   1940000.00000000                            NaN
   1950000.00000000                            NaN
   1960000.00000000                            NaN
   1970000.00000000                            NaN
   1980000.00000000                            NaN
   1990000.00000000                            NaN
   2000000.00000000                            NaN
