3917.9885123055356  6.938893903907228e-17
47548.40427555253  0.0016425120772946972
106869.79344973183  0.0029951690821256316
170090.15177450646  0.0041545893719806964
233272.47137586062  0.0051207729468599195
312240.8611966983  0.006280193236714998
391152.1929324052  0.0071497584541063
454315.4931720492  0.008019323671497589
537163.8327817715  0.008888888888888904
619955.1143063639  0.00946859903381643
706721.4424283921  0.010241545893719811
793468.7511887101  0.010917874396135271
895983.1108068012  0.011690821256038653
998497.4704248925  0.012463768115942034
1093118.7949332418  0.013140096618357494
1187778.158165012  0.014009661835748796
1302141.5801285706  0.01497584541062802
1400718.9318726466  0.0157487922705314
1495397.3144661265  0.016714975845410637
1578226.6347141392  0.01748792270531402
1668929.970710183  0.0182608695652174
1743885.275210164  0.019033816425120767
1834588.611206208  0.019806763285024148
1905587.8884704628  0.02048309178743961
1984499.2202061699  0.02135265700483091
2079177.6027996503  0.022318840579710134
2185705.047738597  0.023478260869565212
2272509.4145840467  0.024444444444444435
2363250.789303511  0.02541062801932366
2454011.1833846853  0.026473429951690816
2536897.5617178287  0.02753623188405796
2631633.002396439  0.028792270531400946
2698752.3298718096  0.029758454106280183
2773745.673095211  0.030724637681159406
2852733.0822777585  0.031980676328502405
2939613.526570048  0.033333333333333326
3018619.955114306  0.03468599033816423
3121362.54707292  0.03661835748792269
3200407.014340598  0.038164251207729455
3291319.5633154544  0.03999999999999998
3374358.0965422797  0.041835748792270505
3461352.6570048304  0.04376811594202895
3532618.2053330285  0.04579710144927533
3603921.792384647  0.04801932367149755
3702936.5894480576  0.05101449275362315
3778329.3392673736  0.054009661835748755
3841949.104188063  0.057198067632850194
3897694.853360721  0.06038647342995165
3929685.4197573126  0.06289855072463764
3961904.218494427  0.06657004830917869
