2499.9999999999854  2.7755575615628914e-17
29999.99999999994  0.00121212121212122
64999.999999999956  0.0023232323232323243
112499.99999999993  0.0035353535353535304
162499.99999999994  0.004444444444444438
207500  0.005252525252525238
267500  0.006111111111111109
322500  0.006969696969696959
385000.0000000003  0.0077777777777777515
442500  0.008535353535353514
497499.99999999994  0.009242424242424226
557499.9999999999  0.009999999999999981
632499.9999999999  0.011010101010100977
694999.9999999997  0.011818181818181783
759999.9999999995  0.012727272727272691
819999.9999999997  0.013737373737373701
894999.9999999998  0.014848484848484805
957499.9999999998  0.015858585858585808
1005000  0.016767676767676723
1069999.9999999998  0.017929292929292878
1114999.9999999998  0.018888888888888837
1164999.9999999995  0.01989898989898984
1212499.9999999998  0.021010101010100944
1262499.9999999998  0.022020202020201954
1304999.9999999995  0.02303030303030297
1344999.9999999998  0.024191919191919126
1382499.9999999998  0.025151515151515078
1424999.9999999995  0.02626262626262619
1452499.9999999998  0.0273737373737373
1484999.9999999998  0.028383838383838306
1517499.9999999998  0.029595959595959512
1549999.9999999995  0.030757575757575675
1577499.9999999995  0.03181818181818173
1607499.9999999993  0.03318181818181809
1634999.9999999995  0.034545454545454456
1652499.9999999998  0.035808080808080706
1674999.9999999995  0.036919191919191824
1692499.9999999995  0.03833333333333323
1709999.9999999995  0.03964646464646454
1722499.9999999995  0.04106060606060595
1729999.9999999995  0.042323232323232214
1737499.9999999998  0.043434343434343325
1744999.9999999995  0.044343434343434227
1752499.9999999998  0.04525252525252514
1757499.9999999998  0.04646464646464635
1762499.9999999995  0.04752525252525241
1767499.9999999995  0.04868686868686857
1774999.9999999995  0.049949494949494834
1777499.9999999995  0.050909090909090786
1782499.9999999995  0.0523232323232322
